image: joe_elpuplyshier_map.pgm
resolution: 0.050000
origin: [-5.727330, -8.697843, 0.000000]
negate: 0
occupied_thresh: 0.65
free_thresh: 0.196

